participant 1
grasps_sequence =  3,1,4,5,2,5,4,2,3,1,4,5,1,2,3,6,6,6,6,6,2,3,5,1,4,1,2,3,4,5
participant 2
grasps_sequence =  5,3,2,4,1,4,2,3,1,5,3,1,5,2,4,6,6,6,6,6,2,4,1,5,3,1,5,4,3,2
participant 5
grasps_sequence = 1,3,5,2,4,3,5,1,4,2,5,2,4,1,3,6,6,6,6,6,2,4,3,5,1,4,1,2,3,5
participant 4
grasps_sequence = 4,2,1,3,5,1,5,3,4,2,2,1,4,5,3,6,6,6,6,6,5,3,2,1,4,3,4,5,2,1
participant 3
grasps_sequence= 2,4,3,1,5,3,1,5,2,4,5,3,2,4,1,6,6,6,6,6,4,5,1,3,2,1,2,4,5,3
participant 6
grasps_sequence =  4,2,5,3,1,2,4,1,5,3,1,5,3,4,2,6,6,6,6,6,3,1,4,2,5,5,3,2,1,4
participant 7
grasps_sequence =3,1,4,2,5,4,5,3,1,2,5,4,2,3,1,6,6,6,6,6,1,2,5,4,3,2,3,1,5,4
participant 8
grasps_sequence = 2,5,1,4,3,5,3,4,2,1,3,2,5,1,4,6,6,6,6,6,1,4,2,3,5,4,1,3,5,2